$ 1 0.000005 0.04924642876754098 40 5 43
v 176 256 176 176 0 1 10000 5 0 0 0.5
d 96 176 176 176 1 0.805904783
d 96 256 176 256 1 0.805904783
w 96 176 96 208 0
w 96 208 96 256 0
w 96 208 64 208 0
f 256 144 256 176 0 1.5 10
f 256 272 256 256 0 1.5 10
w 256 336 256 272 0
w 272 176 272 208 0
w 272 208 272 256 0
w 368 368 64 368 0
w 368 368 432 368 0
c 432 208 432 368 0 0.001 3.137043704061433
r 368 208 368 368 0 1000
w 272 208 368 208 0
w 432 208 368 208 0
t 192 128 192 96 1 1 -0.3573557041561788 -6.2946243772898924e-9 100
w 208 96 256 96 0
r 192 128 192 176 0 10
w 176 176 192 176 0
w 192 176 240 176 0
w 256 96 256 144 0
t 192 304 192 336 1 1 -4.402119402387102 -6.2946272638697565e-9 100
r 192 304 192 256 0 10
w 176 256 192 256 0
w 192 256 240 256 0
w 208 336 256 336 0
w 64 208 64 128 0
v 112 336 176 336 0 0 40 5 0 0 0.5
w 112 336 64 336 0
w 64 336 64 368 0
w 64 208 64 336 0
v 112 96 176 96 0 0 40 5 0 0 0.5
w 64 128 64 96 0
w 64 96 112 96 0
g 64 96 64 64 0
x 286 74 584 77 6 24 Rectifier\sfor\sHigh\sFrequency
x 286 105 418 108 4 24 AC\sSupplies
o 6 64 0 4099 5 1.6 0 2 6 3
o 19 64 0 4099 2.5 0.2 1 2 19 3
o 14 64 0 4099 5 0.0125 2 2 14 3
